proj:       1
zone:       19
north:      1450110
south:      -12350.6
east:       1628650
west:       -35865.6
cols:       1000
rows:       878
e-w resol:  1664.5156
n-s resol:  1664.5156
top:        1.000000000000000
bottom:     0.000000000000000
cols3:      9999
rows3:      8786
depths:     1
e-w resol3: 166.45156
n-s resol3: 166.45156
t-b resol:  1
